00000000000000010000000100001000
00000010010010000000000000000010
00000100100110000100000000001000
00000000000001000110000100100000
00000001000000001000001000101000
00000001110000000000010100101000
00000110101000000010010111111110
00000111011100000000000000010100
00000100111011000000010101000000
00000000000010000000111011111110
00000100111000000010010000100000
00000100110010010000000000000010
00000100110010010100101100000000
00000000000000010110101001011000
00000110101001010010010111111110
00000000000010000000011011111110
00000000000010011000110000000001
00000110110110011000000011111110
00000010000001000110110000000010
00000111000000000000000000010111
00000110000000000010001000000100
00000110000001000010110100000100
00000111001111100000000000000000
00000111111111000000000000000000